data[0]: 0.100000
data[1]: 0.100000
data[2]: 0.100000
data[3]: 0.100000
data[4]: 0.100000
data[5]: 0.100000
data[6]: 0.100000
data[7]: 0.100000
data[8]: 0.100000
data[9]: 0.100000
